69 6d 70 6f 72 74 20 27  64 61 72 74 3a 63 6f 6e
76 65 72 74 27 3b 0a 0a  69 6d 70 6f 72 74 20 27
70 61 63 6b 61 67 65 3a  66 6c 75 74 74 65 72 2f
6d 61 74 65 72 69 61 6c  2e 64 61 72 74 27 3b 0a
69 6d 70 6f 72 74 20 27  70 61 63 6b 61 67 65 3a
73 68 61 72 65 64 5f 70  72 65 66 65 72 65 6e 63
65 73 2f 73 68 61 72 65  64 5f 70 72 65 66 65 72
65 6e 63 65 73 2e 64 61  72 74 27 3b 0a 0a 69 6d
70 6f 72 74 20 27 70 61  63 6b 61 67 65 3a 66 6f
6f 64 5f 72 75 73 68 2f  6d 6f 64 65 6c 73 2f 63
61 72 74 5f 6c 69 6e 65  2e 64 61 72 74 27 3b 0a
69 6d 70 6f 72 74 20 27  70 61 63 6b 61 67 65 3a
66 6f 6f 64 5f 72 75 73  68 2f 6d 6f 64 65 6c 73
2f 6d 65 6e 75 5f 69 74  65 6d 2e 64 61 72 74 27
3b 0a 0a 63 6c 61 73 73  20 43 61 72 74 50 72 6f
76 69 64 65 72 20 65 78  74 65 6e 64 73 20 43 68
61 6e 67 65 4e 6f 74 69  66 69 65 72 20 7b 0a 20
20 73 74 61 74 69 63 20  63 6f 6e 73 74 20 5f 73
74 6f 72 61 67 65 4b 65  79 20 3d 20 27 66 6f 6f
64 52 75 73 68 43 61 72  74 27 3b 0a 0a 20 20 66
69 6e 61 6c 20 4d 61 70  3c 53 74 72 69 6e 67 2c
20 43 61 72 74 4c 69 6e  65 3e 20 5f 6c 69 6e 65
73 20 3d 20 7b 7d 3b 0a  20 20 62 6f 6f 6c 20 6e
6f 43 75 74 6c 65 72 79  20 3d 20 74 72 75 65 3b
0a 20 20 53 74 72 69 6e  67 20 63 6f 75 70 6f 6e
43 6f 64 65 20 3d 20 27  27 3b 0a 20 20 69 6e 74
20 74 69 70 20 3d 20 30  3b 0a 20 20 53 74 72 69
6e 67 20 73 70 65 63 69  61 6c 49 6e 73 74 72 75
63 74 69 6f 6e 73 20 3d  20 27 27 3b 0a 20 20 53
74 72 69 6e 67 20 64 65  6c 69 76 65 72 79 49 6e
73 74 72 75 63 74 69 6f  6e 73 20 3d 20 27 27 3b
0a 0a 20 20 43 61 72 74  50 72 6f 76 69 64 65 72
28 29 20 7b 0a 20 20 20  20 5f 72 65 73 74 6f 72
65 43 61 72 74 28 29 3b  0a 20 20 7d 0a 0a 20 20
4c 69 73 74 3c 43 61 72  74 4c 69 6e 65 3e 20 67
65 74 20 6c 69 6e 65 73  20 3d 3e 20 5f 6c 69 6e
65 73 2e 76 61 6c 75 65  73 2e 74 6f 4c 69 73 74
28 29 3b 0a 20 20 69 6e  74 20 67 65 74 20 63 6f
75 6e 74 20 3d 3e 20 6c  69 6e 65 73 2e 66 6f 6c
64 28 30 2c 20 28 73 75  6d 2c 20 6c 29 20 3d 3e
20 73 75 6d 20 2b 20 6c  2e 71 74 79 29 3b 0a 20
20 69 6e 74 20 67 65 74  20 73 75 62 74 6f 74 61
6c 20 3d 3e 20 6c 69 6e  65 73 2e 66 6f 6c 64 28
30 2c 20 28 73 75 6d 2c  20 6c 29 20 3d 3e 20 73
75 6d 20 2b 20 6c 2e 6c  69 6e 65 54 6f 74 61 6c
29 3b 0a 20 20 69 6e 74  20 67 65 74 20 67 73 74
20 3d 3e 20 28 73 75 62  74 6f 74 61 6c 20 2a 20
30 2e 30 35 29 2e 72 6f  75 6e 64 28 29 3b 0a 20
20 69 6e 74 20 67 65 74  20 64 65 6c 69 76 65 72
79 46 65 65 20 3d 3e 20  73 75 62 74 6f 74 61 6c
20 3e 20 30 20 3f 20 33  35 20 3a 20 30 3b 0a 20
20 69 6e 74 20 67 65 74  20 70 61 63 6b 69 6e 67
46 65 65 20 3d 3e 20 73  75 62 74 6f 74 61 6c 20
3e 20 30 20 3f 20 31 38  20 3a 20 30 3b 0a 20 20
69 6e 74 20 67 65 74 20  64 69 73 63 6f 75 6e 74
20 7b 0a 20 20 20 20 69  66 20 28 63 6f 75 70 6f
6e 43 6f 64 65 2e 74 72  69 6d 28 29 2e 74 6f 55
70 70 65 72 43 61 73 65  28 29 20 3d 3d 20 27 52
55 53 48 35 30 27 29 20  7b 0a 20 20 20 20 20 20
72 65 74 75 72 6e 20 28  73 75 62 74 6f 74 61 6c
20 2a 20 30 2e 35 29 2e  72 6f 75 6e 64 28 29 3b
0a 20 20 20 20 7d 0a 20  20 20 20 72 65 74 75 72
6e 20 30 3b 0a 20 20 7d  0a 0a 20 20 69 6e 74 20
67 65 74 20 74 6f 74 61  6c 20 3d 3e 20 73 75 62
74 6f 74 61 6c 20 2b 20  67 73 74 20 2b 20 64 65
6c 69 76 65 72 79 46 65  65 20 2b 20 70 61 63 6b
69 6e 67 46 65 65 20 2d  20 64 69 73 63 6f 75 6e
74 20 2b 20 74 69 70 3b  0a 0a 20 20 69 6e 74 20
67 65 74 20 70 6c 61 73  74 69 63 53 61 76 65 64
20 3d 3e 20 6e 6f 43 75  74 6c 65 72 79 20 3f 20
38 20 3a 20 30 3b 0a 0a  20 20 76 6f 69 64 20 61
64 64 28 0a 20 20 20 20  4d 65 6e 75 49 74 65 6d
20 69 74 65 6d 2c 0a 20  20 20 20 53 74 72 69 6e
67 20 72 65 73 74 61 75  72 61 6e 74 4e 61 6d 65
2c 20 7b 0a 20 20 20 20  53 74 72 69 6e 67 20 73
69 7a 65 20 3d 20 27 52  65 67 75 6c 61 72 27 2c
0a 20 20 20 20 4c 69 73  74 3c 53 74 72 69 6e 67
3e 20 74 6f 70 70 69 6e  67 73 20 3d 20 63 6f 6e
73 74 20 5b 5d 2c 0a 20  20 20 20 53 74 72 69 6e
67 20 73 70 69 63 65 4c  65 76 65 6c 20 3d 20 27
4d 65 64 69 75 6d 27 2c  0a 20 20 20 20 69 6e 74
20 71 75 61 6e 74 69 74  79 20 3d 20 31 2c 0a 20
20 7d 29 20 7b 0a 20 20  20 20 66 69 6e 61 6c 20
6b 65 79 20 3d 20 27 24  7b 69 74 65 6d 2e 69 64
7d 7c 24 73 69 7a 65 7c  24 7b 74 6f 70 70 69 6e
67 73 2e 6a 6f 69 6e 28  27 2c 27 29 7d 7c 24 73
70 69 63 65 4c 65 76 65  6c 27 3b 0a 20 20 20 20
66 69 6e 61 6c 20 65 78  69 73 74 69 6e 67 20 3d
20 5f 6c 69 6e 65 73 5b  6b 65 79 5d 3b 0a 0a 20
20 20 20 69 66 20 28 65  78 69 73 74 69 6e 67 20
21 3d 20 6e 75 6c 6c 29  20 7b 0a 20 20 20 20 20
20 65 78 69 73 74 69 6e  67 2e 71 74 79 20 2b 3d
20 71 75 61 6e 74 69 74  79 3b 0a 20 20 20 20 7d
20 65 6c 73 65 20 7b 0a  20 20 20 20 20 20 5f 6c
69 6e 65 73 5b 6b 65 79  5d 20 3d 20 43 61 72 74
4c 69 6e 65 28 0a 20 20  20 20 20 20 20 20 69 64
3a 20 6b 65 79 2c 0a 20  20 20 20 20 20 20 20 69
74 65 6d 3a 20 69 74 65  6d 2c 0a 20 20 20 20 20
20 20 20 72 65 73 74 61  75 72 61 6e 74 4e 61 6d
65 3a 20 72 65 73 74 61  75 72 61 6e 74 4e 61 6d
65 2c 0a 20 20 20 20 20  20 20 20 71 74 79 3a 20
71 75 61 6e 74 69 74 79  2c 0a 20 20 20 20 20 20
20 20 73 69 7a 65 3a 20  73 69 7a 65 2c 0a 20 20
20 20 20 20 20 20 74 6f  70 70 69 6e 67 73 3a 20
74 6f 70 70 69 6e 67 73  2c 0a 20 20 20 20 20 20
20 20 73 70 69 63 65 4c  65 76 65 6c 3a 20 73 70
69 63 65 4c 65 76 65 6c  2c 0a 20 20 20 20 20 20
29 3b 0a 20 20 20 20 7d  0a 20 20 20 20 5f 73 61
76 65 43 61 72 74 28 29  3b 0a 20 20 20 20 6e 6f
74 69 66 79 4c 69 73 74  65 6e 65 72 73 28 29 3b
0a 20 20 7d 0a 0a 20 20  76 6f 69 64 20 63 68 61
6e 67 65 51 74 79 28 53  74 72 69 6e 67 20 69 64
2c 20 69 6e 74 20 64 65  6c 74 61 29 20 7b 0a 20
20 20 20 66 69 6e 61 6c  20 6c 69 6e 65 20 3d 20
5f 6c 69 6e 65 73 5b 69  64 5d 3b 0a 20 20 20 20
69 66 20 28 6c 69 6e 65  20 3d 3d 20 6e 75 6c 6c
29 20 72 65 74 75 72 6e  3b 0a 20 20 20 20 6c 69
6e 65 2e 71 74 79 20 2b  3d 20 64 65 6c 74 61 3b
0a 20 20 20 20 69 66 20  28 6c 69 6e 65 2e 71 74
79 20 3c 3d 20 30 29 20  7b 0a 20 20 20 20 20 20
5f 6c 69 6e 65 73 2e 72  65 6d 6f 76 65 28 69 64
29 3b 0a 20 20 20 20 7d  0a 20 20 20 20 5f 73 61
76 65 43 61 72 74 28 29  3b 0a 20 20 20 20 6e 6f
74 69 66 79 4c 69 73 74  65 6e 65 72 73 28 29 3b
0a 20 20 7d 0a 0a 20 20  76 6f 69 64 20 73 65 74
43 6f 75 70 6f 6e 28 53  74 72 69 6e 67 20 63 6f
64 65 29 20 7b 0a 20 20  20 20 63 6f 75 70 6f 6e
43 6f 64 65 20 3d 20 63  6f 64 65 3b 0a 20 20 20
20 5f 73 61 76 65 43 61  72 74 28 29 3b 0a 20 20
20 20 6e 6f 74 69 66 79  4c 69 73 74 65 6e 65 72
73 28 29 3b 0a 20 20 7d  0a 0a 20 20 76 6f 69 64
20 73 65 74 54 69 70 28  69 6e 74 20 76 61 6c 75
65 29 20 7b 0a 20 20 20  20 74 69 70 20 3d 20 76
61 6c 75 65 3b 0a 20 20  20 20 5f 73 61 76 65 43
61 72 74 28 29 3b 0a 20  20 20 20 6e 6f 74 69 66
79 4c 69 73 74 65 6e 65  72 73 28 29 3b 0a 20 20
7d 0a 0a 20 20 76 6f 69  64 20 73 65 74 4e 6f 43
75 74 6c 65 72 79 28 62  6f 6f 6c 20 76 61 6c 75
65 29 20 7b 0a 20 20 20  20 6e 6f 43 75 74 6c 65
72 79 20 3d 20 76 61 6c  75 65 3b 0a 20 20 20 20
5f 73 61 76 65 43 61 72  74 28 29 3b 0a 20 20 20
20 6e 6f 74 69 66 79 4c  69 73 74 65 6e 65 72 73
28 29 3b 0a 20 20 7d 0a  0a 20 20 76 6f 69 64 20
73 65 74 53 70 65 63 69  61 6c 49 6e 73 74 72 75
63 74 69 6f 6e 73 28 53  74 72 69 6e 67 20 74 65
78 74 29 20 7b 0a 20 20  20 20 73 70 65 63 69 61
6c 49 6e 73 74 72 75 63  74 69 6f 6e 73 20 3d 20
74 65 78 74 3b 0a 20 20  20 20 5f 73 61 76 65 43
61 72 74 28 29 3b 0a 20  20 20 20 6e 6f 74 69 66
79 4c 69 73 74 65 6e 65  72 73 28 29 3b 0a 20 20
7d 0a 0a 20 20 76 6f 69  64 20 73 65 74 44 65 6c
69 76 65 72 79 49 6e 73  74 72 75 63 74 69 6f 6e
73 28 53 74 72 69 6e 67  20 74 65 78 74 29 20 7b
0a 20 20 20 20 64 65 6c  69 76 65 72 79 49 6e 73
74 72 75 63 74 69 6f 6e  73 20 3d 20 74 65 78 74
3b 0a 20 20 20 20 5f 73  61 76 65 43 61 72 74 28
29 3b 0a 20 20 20 20 6e  6f 74 69 66 79 4c 69 73
74 65 6e 65 72 73 28 29  3b 0a 20 20 7d 0a 0a 20
20 76 6f 69 64 20 63 6c  65 61 6e 46 6f 72 4d 6f
64 65 28 53 74 72 69 6e  67 20 6d 6f 64 65 29 20
7b 0a 20 20 20 20 5f 6c  69 6e 65 73 2e 72 65 6d
6f 76 65 57 68 65 72 65  28 28 5f 2c 20 6c 69 6e
65 29 20 3d 3e 20 6c 69  6e 65 2e 69 74 65 6d 2e
64 69 65 74 20 21 3d 20  6d 6f 64 65 29 3b 0a 20
20 20 20 5f 73 61 76 65  43 61 72 74 28 29 3b 0a
20 20 20 20 6e 6f 74 69  66 79 4c 69 73 74 65 6e
65 72 73 28 29 3b 0a 20  20 7d 0a 0a 20 20 76 6f
69 64 20 63 6c 65 61 72  28 29 20 7b 0a 20 20 20
20 5f 6c 69 6e 65 73 2e  63 6c 65 61 72 28 29 3b
0a 20 20 20 20 6e 6f 43  75 74 6c 65 72 79 20 3d
20 74 72 75 65 3b 0a 20  20 20 20 63 6f 75 70 6f
6e 43 6f 64 65 20 3d 20  27 27 3b 0a 20 20 20 20
74 69 70 20 3d 20 30 3b  0a 20 20 20 20 73 70 65
63 69 61 6c 49 6e 73 74  72 75 63 74 69 6f 6e 73
20 3d 20 27 27 3b 0a 20  20 20 20 64 65 6c 69 76
65 72 79 49 6e 73 74 72  75 63 74 69 6f 6e 73 20
3d 20 27 27 3b 0a 20 20  20 20 5f 73 61 76 65 43
61 72 74 28 29 3b 0a 20  20 20 20 6e 6f 74 69 66
79 4c 69 73 74 65 6e 65  72 73 28 29 3b 0a 20 20
7d 0a 0a 20 20 46 75 74  75 72 65 3c 76 6f 69 64
3e 20 5f 72 65 73 74 6f  72 65 43 61 72 74 28 29
20 61 73 79 6e 63 20 7b  0a 20 20 20 20 66 69 6e
61 6c 20 70 72 65 66 73  20 3d 20 61 77 61 69 74
20 53 68 61 72 65 64 50  72 65 66 65 72 65 6e 63
65 73 2e 67 65 74 49 6e  73 74 61 6e 63 65 28 29
3b 0a 20 20 20 20 66 69  6e 61 6c 20 72 61 77 20
3d 20 70 72 65 66 73 2e  67 65 74 53 74 72 69 6e
67 28 5f 73 74 6f 72 61  67 65 4b 65 79 29 3b 0a
20 20 20 20 69 66 20 28  72 61 77 20 3d 3d 20 6e
75 6c 6c 29 20 72 65 74  75 72 6e 3b 0a 0a 20 20
20 20 74 72 79 20 7b 0a  20 20 20 20 20 20 66 69
6e 61 6c 20 64 61 74 61  20 3d 20 6a 73 6f 6e 44
65 63 6f 64 65 28 72 61  77 29 20 61 73 20 4d 61
70 3c 53 74 72 69 6e 67  2c 20 64 79 6e 61 6d 69
63 3e 3b 0a 20 20 20 20  20 20 66 69 6e 61 6c 20
69 74 65 6d 73 20 3d 20  28 64 61 74 61 5b 27 6c
69 6e 65 73 27 5d 20 61  73 20 4c 69 73 74 3c 64
79 6e 61 6d 69 63 3e 29  0a 20 20 20 20 20 20 20
20 20 20 2e 6d 61 70 28  28 65 29 20 3d 3e 20 43
61 72 74 4c 69 6e 65 2e  66 72 6f 6d 4a 73 6f 6e
28 4d 61 70 3c 53 74 72  69 6e 67 2c 20 64 79 6e
61 6d 69 63 3e 2e 66 72  6f 6d 28 65 20 61 73 20
4d 61 70 29 29 29 0a 20  20 20 20 20 20 20 20 20
20 2e 74 6f 4c 69 73 74  28 29 3b 0a 20 20 20 20
20 20 5f 6c 69 6e 65 73  0a 20 20 20 20 20 20 20
20 2e 2e 63 6c 65 61 72  28 29 0a 20 20 20 20 20
20 20 20 2e 2e 61 64 64  45 6e 74 72 69 65 73 28
69 74 65 6d 73 2e 6d 61  70 28 28 6c 69 6e 65 29
20 3d 3e 20 4d 61 70 45  6e 74 72 79 28 6c 69 6e
65 2e 69 64 2c 20 6c 69  6e 65 29 29 29 3b 0a 20
20 20 20 20 20 6e 6f 43  75 74 6c 65 72 79 20 3d
20 64 61 74 61 5b 27 6e  6f 43 75 74 6c 65 72 79
27 5d 20 61 73 20 62 6f  6f 6c 3f 20 3f 3f 20 74
72 75 65 3b 0a 20 20 20  20 20 20 63 6f 75 70 6f
6e 43 6f 64 65 20 3d 20  64 61 74 61 5b 27 63 6f
75 70 6f 6e 43 6f 64 65  27 5d 20 61 73 20 53 74
72 69 6e 67 3f 20 3f 3f  20 27 27 3b 0a 20 20 20
20 20 20 74 69 70 20 3d  20 64 61 74 61 5b 27 74
69 70 27 5d 20 61 73 20  69 6e 74 3f 20 3f 3f 20
30 3b 0a 20 20 20 20 20  20 73 70 65 63 69 61 6c
49 6e 73 74 72 75 63 74  69 6f 6e 73 20 3d 20 64
61 74 61 5b 27 73 70 65  63 69 61 6c 49 6e 73 74
72 75 63 74 69 6f 6e 73  27 5d 20 61 73 20 53 74
72 69 6e 67 3f 20 3f 3f  20 27 27 3b 0a 20 20 20
20 20 20 64 65 6c 69 76  65 72 79 49 6e 73 74 72
75 63 74 69 6f 6e 73 20  3d 20 64 61 74 61 5b 27
64 65 6c 69 76 65 72 79  49 6e 73 74 72 75 63 74
69 6f 6e 73 27 5d 20 61  73 20 53 74 72 69 6e 67
3f 20 3f 3f 20 27 27 3b  0a 20 20 20 20 20 20 6e
6f 74 69 66 79 4c 69 73  74 65 6e 65 72 73 28 29
3b 0a 20 20 20 20 7d 20  63 61 74 63 68 20 28 5f
29 20 7b 0a 20 20 20 20  20 20 2f 2f 20 69 67 6e
6f 72 65 20 6d 61 6c 66  6f 72 6d 65 64 20 63 61
72 74 20 73 74 61 74 65  0a 20 20 20 20 7d 0a 20
20 7d 0a 0a 20 20 46 75  74 75 72 65 3c 76 6f 69
64 3e 20 5f 73 61 76 65  43 61 72 74 28 29 20 61
73 79 6e 63 20 7b 0a 20  20 20 20 66 69 6e 61 6c
20 70 72 65 66 73 20 3d  20 61 77 61 69 74 20 53
68 61 72 65 64 50 72 65  66 65 72 65 6e 63 65 73
2e 67 65 74 49 6e 73 74  61 6e 63 65 28 29 3b 0a
20 20 20 20 66 69 6e 61  6c 20 64 61 74 61 20 3d
20 7b 0a 20 20 20 20 20  20 27 6c 69 6e 65 73 27
3a 20 6c 69 6e 65 73 2e  6d 61 70 28 28 6c 69 6e
65 29 20 3d 3e 20 6c 69  6e 65 2e 74 6f 4a 73 6f
6e 28 29 29 2e 74 6f 4c  69 73 74 28 29 2c 0a 20
20 20 20 20 20 27 6e 6f  43 75 74 6c 65 72 79 27
3a 20 6e 6f 43 75 74 6c  65 72 79 2c 0a 20 20 20
20 20 20 27 63 6f 75 70  6f 6e 43 6f 64 65 27 3a
20 63 6f 75 70 6f 6e 43  6f 64 65 2c 0a 20 20 20
20 20 20 27 74 69 70 27  3a 20 74 69 70 2c 0a 20
20 20 20 20 20 27 73 70  65 63 69 61 6c 49 6e 73
74 72 75 63 74 69 6f 6e  73 27 3a 20 73 70 65 63
69 61 6c 49 6e 73 74 72  75 63 74 69 6f 6e 73 2c
0a 20 20 20 20 20 20 27  64 65 6c 69 76 65 72 79
49 6e 73 74 72 75 63 74  69 6f 6e 73 27 3a 20 64
65 6c 69 76 65 72 79 49  6e 73 74 72 75 63 74 69
6f 6e 73 2c 0a 20 20 20  20 7d 3b 0a 20 20 20 20
61 77 61 69 74 20 70 72  65 66 73 2e 73 65 74 53
74 72 69 6e 67 28 5f 73  74 6f 72 61 67 65 4b 65
79 2c 20 6a 73 6f 6e 45  6e 63 6f 64 65 28 64 61
74 61 29 29 3b 0a 20 20  7d 0a 7d 0a
